# x[kpc] y[kpc] z[kpc] vx[km/s] vy[km/s] vz[km/s]
-4.536702546636778854e-01 -3.881216445021244965e-01 6.589578279869615085e-02 -1.688516370704048697e+00 7.997740609659949484e+00 -7.881863027348639861e+00
1.003310147038010358e+00 8.841725919017470736e-02 2.997591775879911852e-02 7.006912817024293361e+00 -5.050949161649931796e+00 -1.433793128759127100e+01
-7.385589600305734193e-01 -5.585802003760267365e-01 3.690018936823604712e-01 -7.066563291410667524e+00 1.194463073820802634e+01 5.431743716647895681e+00
2.723968493249390721e-01 8.118392383712383920e-01 2.237704353083397046e-01 -8.693956789953887210e+00 1.646349149891602792e+01 -5.495092247901723681e+00
-4.180427061424110691e-01 1.097176472429183702e+00 5.167558470317122898e-01 -4.467432403730937196e+00 -1.043415567504983876e-01 -7.478717024782469913e+00
7.685731847858008337e-01 1.636730057076269729e+00 4.246495115749445159e-01 -3.243916653868589961e+00 1.089587358131058359e+01 8.587866457394868203e-01
6.266407027475777713e-01 -7.116720300578425196e-01 3.232792058568164095e-01 -8.603110508477261220e+00 1.549829168577768002e+01 1.265943838901025131e+00
-2.107845546156782435e-01 -3.747300699177240624e-01 -3.196302644649797187e-01 -7.250117445937167560e+00 -1.149551029847465600e+00 -1.866711770231793821e+01
-1.501425412604270981e+00 -3.465198338433658765e-01 9.004851500312793799e-02 8.035978073838931479e+00 -1.054903761117814653e+01 -1.002491241860958837e+01
-3.740815201963877401e-01 2.585537587307122909e-01 -2.827185958827826973e-01 3.287670565329940509e+00 9.652314477243203683e+00 3.194068075126693884e+00
-2.170945211939978303e-01 1.802594907519731449e-01 7.367639162184669299e-01 -2.349413960198034168e+00 5.973922870642462080e+00 -8.580388688615613546e+00
1.936014356986749396e-01 -2.557381980289630610e-02 -7.803763195482219528e-01 -5.935987271653795361e+00 4.353389946331224891e+00 3.654642115931580726e+00
-2.132634370222611098e-01 -4.905158614038128695e-01 -5.697003322399554204e-01 -2.047038039789758734e+00 -1.091797712588651059e+01 -1.470966680489861389e+01
2.941251316613094247e+00 6.799009907828168497e-01 2.103084790251454006e+00 -7.186800156966883790e+00 3.455225984426843588e+00 5.090011665612787617e+00
5.978786135414773106e-01 -2.416783949281147148e+00 -1.714127414507013447e-01 -9.868908955513774117e+00 -2.814130670040165594e+00 -4.482192767723254256e+00
-1.123807922324562725e+00 7.138798168557139445e-02 -3.058963085400408510e-01 -2.785418942369618733e+00 -6.701596429530173538e+00 4.241351624494247297e-01
1.902267149206672503e+00 8.867579667870983950e-01 3.235914376907474965e-01 -1.042888378183058862e+01 -7.102771550703890213e-02 1.864308867471212272e+00
7.562164997461896521e-01 -3.524161160850728391e-01 -1.267037601549933834e+00 4.455774532089629147e+00 -8.202291150975099754e+00 9.504787935713036262e+00
2.564327674259781267e-02 4.828812084246208447e-01 5.472663349717934445e-01 5.287386616168226361e+00 -1.590212753338953888e+01 -1.544212364233513846e+01
-5.343351111562577582e-01 4.820009589993293209e-01 1.089928551614101959e+00 1.270897876977624996e+01 -1.202432339962840047e+00 9.927030444822268151e+00
-1.467340049227802180e-02 5.353308969334368284e-01 5.462948295760764461e-01 3.305466999244402793e+00 5.442500985513400558e+00 -1.515691302375193317e+01
-4.631440808481742666e-01 5.244819704482803768e-01 -6.572741000729023786e-02 -3.975892754464445566e+00 8.054715995329440048e+00 8.680696941628212926e+00
-1.866368950023487294e-01 4.519886389311402741e-01 5.016807087257751929e-01 -1.737771433605430715e+01 1.551470908335170096e+00 -4.778335544066168339e+00
1.014165202396908327e+00 2.079604154772101143e+00 2.233399309026150026e-01 3.684108167772447207e+00 1.583170492775454852e+00 -4.113499552540427762e-01
7.680600737244104304e-01 -2.955001574509042439e-01 1.247548550431754055e-01 -5.066470417863118136e+00 -7.801317444628996789e+00 7.238625518764312261e-01
-9.611630044347838631e-01 2.124324983476452378e+00 -2.584709677314223075e+00 7.108101185572300196e+00 -1.715512651846610392e+00 6.442188284315483848e+00
-7.354694079659674921e-01 -1.070228829267831777e-01 -7.480605219108581172e-02 -6.488502812850932555e-02 -7.829172052192417297e+00 9.818279764654731068e+00
3.106686087835354715e-01 8.943926360271940712e-02 -3.770459466195690279e-01 1.267316106069414872e+01 -6.293405048637860766e+00 -1.729217912660365286e+00
2.621483323425025436e+00 -7.410569188802917928e-02 2.623104832651970697e-01 -3.437927712587713458e+00 4.293267533138830139e+00 8.102993527628440162e+00
7.243593684955444978e-01 -8.276142362984767464e-01 -7.080015404892660014e-01 -1.191443182271210155e+01 -1.032460146942850265e+01 1.249649627101717719e+01
1.091910604403751317e-01 -2.509607329897522998e-01 7.828482663879982040e-02 -1.909572121853338444e+01 -7.684807687797396980e+00 -6.337633006090323207e+00
1.223713192621897816e+00 -1.314750740917885130e+00 -1.240225228093069648e-01 4.457010733346395526e+00 -4.503299756966433698e+00 1.547898553214152173e+01
5.989856348132174269e-01 1.441047513105278455e+00 -2.232155240656640505e+00 1.052129257119508310e+01 1.597903225122851367e+01 2.937150393621721811e+00
-1.096881413501580971e+00 4.901325869449427719e-01 -2.475552419367814394e-01 5.099272769038891262e+00 -3.278749806609625672e+00 2.299489348838901215e+00
-2.779270498725309180e-01 1.769066750954366718e-01 -8.417449668152572617e-02 2.877574100786388200e+00 -7.981294723352995168e-01 -1.754707079978413375e+01
2.197920566626250682e+00 -4.062644648572769079e-02 1.703757346638178571e+00 -9.873268591806173333e+00 -9.094504646914900903e+00 -9.396896804189280417e+00
5.391794889887874254e-01 -1.035673464045477443e+00 -6.663955288243922359e-01 1.099160367028556706e+01 -1.145906511921088011e+01 9.412036783992459021e-01
-1.368650301935986358e-01 1.993050691975515765e+00 -1.845914334657757117e+00 1.425473602682110297e+01 6.451966646120568250e+00 -6.529668440817216535e+00
1.023924104909826049e-01 1.670924538709158969e-01 6.325833009585487554e-01 -1.821662000233317613e+01 -5.247750884152903694e+00 3.628328509108931232e+00
-5.949508587249637825e-01 -3.329280892604450370e-01 -4.584432377116414714e-01 3.846698913796122277e+00 -2.228537624838519360e+00 -4.996270051202167828e+00
5.371537869122671172e-01 1.904603994293507518e-01 -9.707088371328593812e-01 -9.689473164570681973e+00 9.756425903619872386e+00 -3.688564099824381159e+00
6.459025030477504314e-01 -2.898584152436091688e-01 -5.857659458699708832e-01 -6.544145836942043104e+00 1.264953440696484321e+01 1.029761815349070631e+01
2.756746731693124342e-01 3.236530013445344106e-02 -1.189553493036150877e+00 -9.571674834669886778e+00 -1.377499902390125364e+01 3.452334545758820816e+00
-1.697544054984259976e+00 -8.932501118433431309e-01 -2.377207966806182959e-01 -1.036894851493560310e+00 1.238687011852651843e+01 2.430950726347226087e+00
-2.307048386816319852e+00 2.573519206295721506e+00 1.018068877600767363e-01 -2.351053460469861278e+01 3.254103075395873290e+00 1.074289486492345169e+01
9.657679870308562287e-02 1.763841217435690722e-01 1.417918853143251612e+00 -4.069977895778844612e+00 9.339989680055920118e+00 8.225970813332855736e-01
-4.597491962566669366e-01 -1.463489504611156788e-01 -3.206085303371174200e-02 -4.680296596048294511e+00 -1.112849617073526254e+01 -1.753734341264475916e+00
-2.063438702032932781e+00 -1.276863056015194342e+00 8.326554085414479278e-01 -1.099484160831273627e+01 -5.721794858390882865e+00 8.821213802629662482e+00
2.387978478101967228e-01 -1.053503988677932490e+00 1.009883809827505807e+00 -1.458695096048813689e+01 -1.272151673160787411e+01 -1.585799380503353007e+00
4.070920809592079692e+00 2.947735967944170810e+00 -2.006602568882042803e+00 -6.250158134464367521e-02 9.366092140610238204e-02 2.410145766840321890e+00
8.579515442103500256e-01 -2.815578739907444450e-01 5.026240161453930932e-01 1.459203887771828967e+00 -9.200052107551819347e+00 2.537612423059346423e+00
7.522449986408353828e-01 -3.325645907703074777e-01 8.083368347038040191e-01 -2.123617645451447711e+00 -4.701161268453331488e+00 -9.413459211881811228e+00
-1.695754072500089138e-01 -6.402165060868776347e-01 1.169306815364105745e+00 -2.484831533868304465e+00 5.809335595102760763e+00 -1.873385771000670630e+01
-4.000140444856576383e-01 -3.379867162111503953e-01 -9.444993042592358945e-01 -1.115026296856251697e+01 -1.985371849448145820e+00 -4.092997171121082189e-01
7.754862854135922134e-01 1.311723347655769478e+00 8.512393947742554756e-01 1.268158046504538206e+01 1.210100573654333544e+00 7.501549100190882946e+00
1.422750701728938971e-01 -4.669142814756200299e-01 1.488094281128516105e-01 -2.753429720584976703e+00 -4.536770900729447664e-01 -7.767238897409897147e-01
8.189109056729343417e-02 4.960360803563595433e-01 5.823895181046324643e-01 1.866372972767192806e+01 -5.662535943215907253e+00 -1.438450984543302091e+01
1.714556777345091598e+00 -1.285526905704666101e+00 -2.429173892972578686e-01 -3.085186968935072471e+01 2.078978163214643970e+01 -1.738889267641933145e+01
-5.466140455700368994e-01 -2.295863046406055596e-01 -2.597493425581478554e-01 -2.279683151841483379e+01 5.878144083931007735e+00 -2.659682528746337482e+00
-1.219200429087207160e+00 1.253622203623473652e+00 1.436587102677720162e+00 8.427775236773348055e+00 6.772006447648702299e+00 -1.582342695137318511e+00
2.101060494499488174e-01 -1.243847295160187549e-01 7.682071257041072077e-01 2.786451347910672283e-01 9.881084690686659400e+00 -1.130023009589041294e+01
-9.875865261609505508e-01 2.916234947413329573e-02 -8.314932574305912150e-01 -7.759532237817561295e-01 2.033917029673522892e-01 -2.000169119915625182e-01
-1.222703067840703151e+00 -1.311656162670705450e-01 1.008878854410585196e-01 -9.730421587037154652e+00 1.140337067839562568e+00 5.118101704606842439e+00
-8.236381942221449037e-01 3.583926551482359280e-01 5.038084875344688296e-01 4.059549539950335628e-01 1.992785354208231752e+01 8.783339155172924961e+00
1.455670374796121658e-01 1.198173179967669144e+00 5.619817278671703775e+00 -2.417254663910370915e+00 8.851355638620646005e+00 -7.180569957822870109e+00
7.660687990000585312e-01 2.522496511409011877e+00 -2.280049373411664748e-01 -2.310680813154259994e+01 -1.081943289072172121e+01 -2.250142515241303265e+00
1.485233499655374434e+00 2.475023949865762241e-01 -5.652359792634403801e-01 7.563780192213428677e+00 -2.343083902830506915e+01 -3.852994842320033975e+00
9.898360151186350597e-01 2.616894362042867517e-01 6.003559668676810013e-01 -7.528326533300288226e+00 6.362156256103301821e-01 1.971177218378388574e+01
1.738485249267836874e+00 1.842217269856844863e+00 5.705091498122342841e+00 4.690793564833189322e+00 -1.248372643159256690e+01 -8.113328235553844081e+00
4.714238501171328366e-01 -1.208920579446110533e-01 -2.352172821962096039e-01 -5.608942761582683900e+00 7.242363176587638840e+00 1.425674441536345327e+01
1.160366165812559469e+00 6.691191532294781252e-01 -1.548502104185127459e+00 2.357881112622669306e+00 1.182055271637480587e+01 2.733439587860411635e+01
-8.337368755436493084e-02 -1.590245942794548950e-01 -4.998402795546025290e-01 -8.703141416170213418e+00 2.378469433510483899e-01 4.167656812587123838e+00
1.483617247998293698e-01 4.784003156737960394e-01 5.894642220486060250e-03 -7.904212583968731387e+00 -6.873816863458396931e+00 9.978446189415070222e+00
-1.205296485122181016e+00 -8.563807330195900569e-01 3.009903469528544484e+00 2.454754088066158246e+00 -4.132321411926504595e+00 -3.043770286548510562e+00
-5.111469822221286208e-01 8.592849532169063442e-01 -4.365865306003809815e-02 1.371843582360235914e+01 6.784529728420372052e+00 4.016681322939301246e+00
9.994114214936132834e-01 -1.556144822715592457e-01 2.299930879563470310e+00 -2.719325013611748609e+00 2.915257195805604162e+00 1.155243403212419295e+01
-8.458421766410332276e-01 -1.377494428233513535e+00 2.203853461105879319e+00 6.337786433662545349e+00 2.443542399280898891e+00 -2.445542030265162481e+00
-5.552097659013907061e-01 -2.426387283203566003e-01 -7.592383607002899382e-01 -8.937685343617017608e+00 1.432953491715224636e+01 -2.548833226954346109e+00
1.188478910352537138e-01 -3.939537295370238584e-02 -3.226517990952598725e-01 -2.089425608282527946e+01 -5.809601158248362651e+00 -3.215822796583712950e+00
-2.845102621668697207e+00 2.614813645327064062e+00 4.828072985127821681e+00 -8.404788257083300351e+00 -4.877760368569134641e+00 -4.016185031635315816e+00
-8.831364805481538571e-01 1.242775727935222951e+00 -7.222696457244889290e-01 -5.769547619672893646e+00 7.833762056278809283e+00 -6.987705504923017230e+00
2.572920133829244560e-01 7.152893124588863838e-01 -2.087271641105435116e-01 -7.434313990256956828e+00 1.088374726397410441e+01 3.089285522732412304e+00
-6.065234064287688964e-02 -8.483282181447487913e-01 -4.673354009062421488e-01 -1.755615433157539584e+01 1.060205820301476143e+00 6.026866469633436196e+00
1.013939029818633930e+00 7.486360963864540086e-01 2.374400174160221866e+00 -2.982891705865834631e+00 -1.332941206894756547e+01 1.005939120396686981e+01
-7.951683675950909080e-01 4.724217622902834313e-01 -3.259941815800685427e-01 -5.493623935975402439e+00 -1.980062743137428427e+01 -2.269986347925937231e+00
-5.717890364636737388e-01 2.646696948597276541e-02 8.607275497623778637e-01 5.817283336902502100e+00 -3.989171341683211747e+00 7.092185865447474313e+00
4.218500096333339111e-01 8.503651817434171312e-02 3.391825736086926946e-01 -1.870551080467786420e+01 -2.038839837544889022e+01 -6.167161607648179888e+00
3.574813469330500038e+00 2.365304113469449021e+00 3.595712666591613926e-01 -8.266278525536304045e+00 -1.658913992698861506e+01 1.024113699540928479e+01
-9.523153650403789472e-01 -9.523425885048042439e-01 1.023039086979376178e+00 6.959994304358701811e+00 6.574823179759490266e+00 9.747575630105039579e+00
-3.880159975377352466e-01 1.308108261154014906e+00 -4.135573460507998012e-01 2.785652846421646345e+00 -1.094508839352743124e+01 1.022375821886413583e+01
-9.206691908084983778e-02 -3.508363785714408989e-01 -3.407546002132502139e-01 1.332061501000772630e+01 1.073182046095646314e+01 -1.124485306663184225e+01
9.731208743121441129e-01 4.137210441671592687e-01 1.807658153682144969e-02 -1.149653309101114296e+01 -1.069898452177904602e+01 -5.624061358219409890e+00
-8.390976637355046508e-01 1.347020710938063637e+00 1.717903909265729556e+00 -1.260650538717116298e+01 1.650841714237980540e-01 5.930715905230268703e+00
8.781093964799887575e-01 5.311955209051379967e-01 -1.492398026283444645e+00 -1.003954166131484804e+00 1.002285600118443298e+01 7.700210840237192933e+00
-3.131966639509596195e+00 1.073886799558944283e+00 2.580410609547161283e+00 9.603200538995951163e+00 5.340765018294499455e+00 4.122600835845498857e+00
2.586286735264625714e-01 4.468012303789573592e-01 -4.637971568880560058e-01 2.416361832998657366e+00 3.496782473710906558e+00 1.274770152694606118e+01
-1.241752777820001423e-02 7.177893871521241753e-03 2.756750021515314564e-01 7.556255283620832763e+00 -8.904949525234318486e+00 -1.296346053389054020e+01
-1.925389814286228685e+00 -1.622259537491181902e+00 -7.451793866089210239e-01 6.639699667672417149e+00 -6.099731489323429123e+00 -6.150959140604488340e-01
-1.091036591492508395e-01 -6.313601815390782468e-01 1.512855924275075648e+00 2.709027618808913296e+00 -7.744679664312791090e+00 -1.774990176003178632e+01
-2.909811172124854295e+00 2.072394081318718939e+00 5.978344499548865487e-01 2.586786037537921246e+00 -1.687388406882510239e+01 1.091595686845574287e+00
