# x[kpc] y[kpc] z[kpc] vx[km/s] vy[km/s] vz[km/s]
7.576559295426155832e-03 -5.973664084871496138e-01 -5.274820805436988141e-02 -1.899066537978517388e+01 -9.239042190512721575e+00 1.114839331173215342e+01
3.113565566785523875e-01 1.021813230875285416e+00 -5.170142613613647187e-02 -9.975160880369813299e-01 -9.487471481017706765e+00 -1.325790180514989380e+01
6.881946670442397329e-02 -3.688830722890673597e-01 -1.805049360326959826e-02 -6.421540371828776905e+00 8.028700278974694626e+00 1.135267963620929699e+01
-6.173005600891168232e-01 7.369613229106341222e-03 -4.938645908035481091e-01 -8.687789192054790277e+00 7.891049578009522669e+00 3.863102797154519319e+00
2.878118513440571236e-01 -1.206447319943580343e+00 -1.156378630723398526e+00 -1.110564152881897471e+01 2.040955331603020451e+00 -1.270986626988665602e+00
-5.152334523932019517e-01 -2.373050095160741946e-02 4.667600120701671518e-01 -1.319286825246819284e+00 6.989235424943271546e+00 -2.956431499312637268e-01
3.623477838298356790e-01 3.558000820989500879e-01 1.314015417903517668e-01 7.506415111022576525e+00 2.208547394585948176e+00 7.570500507559076553e+00
5.117767609849829813e-02 -1.064209402933269155e+00 2.793893252360973189e+00 2.065543907197118667e+00 3.806850822665336587e+00 1.937425450523712911e+01
-4.406590320668831162e-01 -2.119608334378876968e+00 5.905037334220364365e-01 -7.545442845489739980e+00 8.885667696671497140e+00 -2.760783120116721001e+00
3.862617286221738944e-01 -5.968694488820812660e-01 -7.221401023969848953e-01 8.666914824380199889e+00 5.999340481934631875e+00 1.485063938142263318e+01
-5.404601623496929630e-01 7.369004615824071847e-01 -1.918826902636915632e-01 -1.051690422578189299e+01 -4.753328249780289561e+00 1.191891675340953149e+01
1.775836250949663686e+00 -6.435105737317335928e-01 -8.196188322551682948e-01 -9.428151178134807964e+00 -4.028072293544594729e+00 1.031435805613450540e+01
1.647214210894590858e+00 1.318779263153185832e-01 9.307466878808126065e-01 7.445804746492952653e+00 -7.811526002178716954e-01 2.460078452298203544e+00
-1.536701330047073988e+00 3.620825649826160952e-01 -1.100408112181470832e+00 1.796729358146681221e+00 -1.122020662014830705e+01 2.131581149373562667e+01
-2.535522621623735873e+00 -9.109847671985608075e-01 -1.702651160934093855e-01 5.994208577773918023e+00 1.536030530389640880e+00 8.501579511468392525e+00
7.197711127506555284e-01 1.262066512779118910e-01 -1.364444084705006999e+00 -2.391010732140778750e+00 -4.141786756745769793e+00 4.752527206449491892e+00
-1.103081864650840987e-01 -1.222664834824861851e-01 -2.855659258323778871e-01 -2.509518266470074366e-01 1.830984711304163781e+01 9.423972310850960099e+00
-1.134029104432837443e+00 1.152364150331318893e+00 -7.194506663613242647e-01 7.677240551984106709e+00 1.921848017459746671e+01 1.719630502228852720e-01
1.140800935950011086e+00 -9.917001178066155165e-02 -3.803539621496038747e-01 -8.041191283285204605e+00 -8.235017192979722012e+00 -1.626928618395666160e+00
-3.643051377768699028e-01 -3.769391860556027818e-01 5.520135410861130021e-01 3.795866413618038226e+00 -4.794260380863893722e+00 -5.959373527143412730e+00
-5.430879848841721369e+00 -2.703724886067234490e+00 -2.340337835476356876e+00 -4.856989045001096628e+00 -4.300672754188556546e+00 1.162703291744599099e+01
5.941391355259463269e-01 -6.400490168597393614e-01 -7.650693237703014571e-01 -7.850204264584967895e+00 9.797310625077315649e+00 1.509602276734739235e+00
9.601558688302922473e-01 7.983345635528361628e-01 1.049459829993214077e+00 1.133673835538613517e+01 -1.201748320936973968e+01 -1.548513574660647230e+01
5.865600891208849754e-01 1.888016179937087799e-02 2.763242760708301549e-01 3.735476122746898220e+00 8.906399168570308333e+00 1.419321172133651388e+01
5.050877459087378618e+00 3.950371324266785500e+00 -6.332283689937513449e-01 1.133043717567058728e+01 2.318365175018124447e-01 -1.087739684228582426e+01
-8.137796469043134806e-02 5.869954862501491899e-01 -4.005234366842897083e-03 4.411076346103764756e+00 4.766197847256544939e+00 -2.261575429682630034e+00
1.518392113183841541e-01 -5.083698856983800418e-01 -1.032319247611086510e+00 -2.594475595326033890e+00 -1.753814070193379315e+00 1.243700716562788244e+01
7.752502525193799565e-01 -2.102292198879648077e-01 1.583807159348252502e-01 1.128361437086376995e+01 -7.910241190575943548e+00 1.166562106237850038e+01
-8.786318372299455337e-01 -7.713755368567926096e-01 3.856795377563209670e-01 -3.873207220675115359e+00 -1.365195087213621861e+01 4.577048180616319684e+00
-5.245624882750677953e-01 8.820807983346686809e-01 -2.625862468183632892e-01 1.683740555612280332e+01 8.595535809846555964e+00 -6.848464825138254497e+00
9.113353250897422431e-01 2.428786706542242768e-01 3.637606071824766585e-01 -2.257107169457633233e+00 -7.283198894975813076e+00 -8.168818288077083878e+00
-1.310933649022436587e+00 6.583718955343258183e-02 8.037992236621259723e-01 -3.355084868543650067e+00 -1.161671446217863490e+01 -3.732941502352137508e+00
-6.893872538398888583e-01 -6.558519233666920689e-01 5.088864547892580498e-02 -4.630211304665867722e+00 3.322606839435651160e+00 1.691328441273687311e+00
1.970615928060870159e+00 -2.048920293420197769e+00 -2.021913411391640825e+00 -1.185843938725539637e+01 1.805252410064327506e+01 1.811576762476374114e+01
7.412336498166974819e-01 4.374976292040578807e-01 -6.639155565276453341e-01 -1.135967347553073914e+01 -5.686597656191208827e+00 1.424791218475524346e+01
-3.258769655765303419e-01 -1.507682218880534553e+00 1.255661415660281888e-01 -1.212967954418524386e+01 7.401439424409421708e-01 -6.631761805014760869e-01
-2.131160616188257639e-01 6.520284952577001802e-02 -5.381190334271357401e-01 -1.277832036759224721e+01 -1.532987705600206674e+01 1.692408381547758012e+01
-9.818288670273664365e-02 1.303890651052205474e+00 5.948231650081716726e-01 -1.036043963865042450e+01 -1.544041167117706159e+01 -7.973432071250515563e+00
-7.529544469355737846e-01 7.890263184628945603e-02 1.858526409239139865e-01 4.834706698985383966e+00 -4.023929587925812790e+00 -8.974269483475609377e+00
-2.197841537626129549e-01 1.818111028270646523e+00 2.066590646476466286e+00 6.735996446133825977e+00 -1.633457894904877250e+01 -4.267750825195815167e-01
-1.233480103497082148e+00 1.429906261663194122e+00 -3.586143366543608768e-01 -1.607821967498820115e+00 -1.064065818287532394e+01 -2.737892531652371453e+00
-1.260446225041314261e-01 1.073645378552434471e+00 1.389276389159765923e+00 6.609691803587485204e-01 6.272421291401308885e+00 -8.192384227006018094e+00
1.811608856155104141e-01 3.345203292718301052e-02 3.748366293659444737e-01 9.129525556762871474e+00 1.140249732162305563e+01 -9.888571187281719688e+00
-9.284300796631259622e-01 -2.095230543966316361e+00 -1.747641505631176428e-01 1.100836067339269064e+01 1.025906272732386171e+01 -4.615472296337211233e+00
6.733794460410658100e-01 1.918343647577757383e-01 -1.850557790233663846e+00 4.481784045410080353e+00 4.063662489513272469e+00 6.637559938979291640e-01
-1.731866780314124110e+00 1.352514675386505827e-01 1.375166269737318814e+00 1.551061430695694021e+01 7.180640149682396611e+00 1.268373441820819103e+01
1.600569451645059704e-01 6.476214214872328956e-01 5.371431341128083403e-01 7.779404080804699362e+00 9.303000742309976978e-01 -1.046967356746256961e+01
-1.582958318943510079e-01 -1.090848233942669276e+00 -4.262123192680128403e-01 -1.061169046592005927e+01 7.727872253353271326e+00 5.919255538530817873e+00
-1.507898836796708997e+00 8.558172645445442095e-01 -2.319461860632453742e+00 1.889466720846901637e+01 6.642201909644049884e+00 7.637002669738039984e+00
-3.250939413585565707e-01 2.315000856846257449e+00 -1.189921586345027704e-01 5.253322420791405101e+00 1.299986579397335795e+01 -6.093658416714024639e+00
1.282797290852878858e+00 9.641750572899678851e-01 1.219952303885789124e+00 4.714141045550253040e+00 -1.618968454078320462e+01 6.092778671617963049e+00
-6.242564371139815854e-02 -6.625035577020935706e-01 2.710726758323925289e-01 -8.691212421774054064e+00 -1.244002183417786256e+01 -1.045909151538050352e+01
2.952990179033244122e-01 4.321968179758626794e-01 5.688697264456211711e-01 1.019842561061294539e+01 9.158626865486201751e+00 -8.041102495110703074e+00
1.888552397195522037e-01 8.357211820776785927e-02 3.343041272309463241e-01 -2.922353152977757773e+00 -2.432415808247608169e+00 1.254011611616972033e+01
1.592101257241027357e+00 3.886245964530813946e-01 -9.027637906383412236e-01 1.686459257252332833e+01 -1.145072443674889406e+01 6.016761090143114110e+00
9.815236096501707141e-01 -3.351336530193485541e-01 -5.257075682902069280e-01 -1.624405126744984162e+00 6.282964847299470357e+00 -9.655966287257992775e+00
6.042717770839651781e-01 -1.361799799944710898e+00 1.493708904806820170e+00 -2.412401166599663860e+00 -8.858579795715666449e+00 -5.824869970225206472e+00
2.523422221968985024e-01 -3.287334957168648597e-02 5.004857386432877142e-01 -5.196050865177320510e+00 -1.288522365520462465e+01 3.204496350686009798e+00
1.075483852829313414e-01 -1.638969151380861855e-01 -9.408815331144427807e-01 5.032602260365656832e+00 2.367189277730559205e+00 2.474879397335686093e+01
-1.308897769843425429e+00 1.428010066383152143e-01 1.412251326085233405e+00 2.017768961489284862e+00 -1.267044387242400383e+01 -9.342121344227725999e+00
3.673543095618140297e-01 -4.264678635817205077e-01 -5.337905201649431053e-01 -2.129183630058970600e+00 -2.106128117763292451e+00 4.202578491000454441e+00
6.587114351919845512e-02 4.692107151510084839e-01 2.263268345186393027e-01 -5.830237217038732211e+00 -3.828584399128275528e+00 5.261924683136283143e+00
-8.824229180861555832e-01 1.042790383691743761e-01 -7.875144898590714648e-01 1.447412949969089091e+01 4.082056650168862433e+00 -1.041307873708018938e+01
3.197754407001868193e-01 1.743556597396782815e+00 1.516937772542368557e-01 -1.015659595278148863e+00 -1.616635853354287633e+01 -1.203045325716576386e+01
-1.387107343835439766e+00 -6.616417065486083875e-03 5.406062807005167503e-01 -6.361242925156808781e+00 1.980938916493308333e-01 3.681132114658748566e+00
-9.172766001901249133e-01 -7.258643778951031633e-01 1.396847909966203893e+00 -3.700827282485692038e+00 -5.566291881769145355e+00 -7.026603316130870525e-01
7.891731211187847927e-01 -5.228944962187030976e-01 7.503126674474251967e-01 5.770971013272151673e+00 -3.465110832757865467e+00 -3.844026044678548359e+00
-2.665265743724888892e-01 9.135954106491574189e-02 -1.518657928199475260e-01 -2.413952517030726774e+00 -1.627117078355343915e+00 3.147969917421684638e+00
-4.218993090965883486e-01 -5.316689985826361209e+00 -2.300528738327570100e+00 1.040831076325215676e+01 -4.002261701405591232e+00 7.318683306721743165e+00
5.026732573100408663e-01 -4.760401221865885879e-01 -4.945986872719526084e-01 -6.311410551322738982e+00 -4.214093049500814203e+00 -6.918521235713186002e+00
-6.361649437765817261e-01 6.426464080917945187e-01 -1.217840454794217875e-01 -1.023734233264190685e+01 -1.075966840929037716e+01 -2.361453515371206890e+01
1.250264016239438059e+00 -4.562764070836029084e+00 1.894225037388440613e+00 -7.011032668391274925e+00 -9.185199677950919295e+00 -1.686173323235869148e+01
2.336356968917478738e-01 -6.130942094449462476e-02 8.829023685901776775e-01 -3.247383630643834351e+01 8.440602330646536089e+00 -3.655812637729134451e+00
3.836744772574594564e-01 -1.926390362501576581e-01 1.306734776365266359e+00 6.930976954828524050e+00 8.288788012670281091e+00 -1.979473572270162052e+01
-1.303806403611227127e+00 -1.018001646614097089e+00 1.121710405807909039e+00 1.727478613931222284e+01 -3.070314730526638503e+00 8.567062689313702961e+00
6.135373836133833220e-02 1.026972884938800901e+00 3.526943962870637272e-01 7.754586616013932954e+00 -1.300450768060652074e+01 -3.381344834880906092e-01
-2.252837443380784066e-01 1.806199049022451375e-02 1.161372439793484590e+00 2.098501297667799292e+01 -1.484643891749352029e+01 3.277937983543388611e-01
2.407360403409547267e+00 1.101765607476720144e+00 -5.230425661433897311e-01 8.065472873735874515e+00 6.058781546281617469e-01 6.078009863300938065e+00
-6.349491724331739473e-01 -3.580976492583587967e-01 1.374810581640864449e+00 -5.504047862799872348e+00 -1.087477783880292748e+01 -1.418412904423002274e+01
5.926719496222320194e-01 -1.438356451303280659e-01 -7.385805690205306381e-04 8.503764647296055301e+00 2.557780938155467254e+00 1.129205735336974037e+01
8.772945626966823784e-01 -8.674033801035176960e-01 2.595574960900293160e-01 -1.131231617687788393e+01 9.227163023759965554e+00 3.037361906490443353e+00
9.136528282655552724e-01 1.465929010547752487e+00 -7.212688981251064169e-02 5.395184676616143982e+00 9.913249274799346367e+00 7.189671722216161243e+00
3.320722258784229997e-01 -9.015281972688047318e-01 2.670657601678864124e-01 1.795431065587328945e+01 1.092156450830479386e+01 -4.105414569070379827e+00
4.740686115321683380e-01 -3.817396358417505242e-01 2.409615185551635397e-01 3.713142954318260802e+00 -1.022451249453343891e+01 2.774270947274888321e+00
7.018005760988080266e-02 -3.644173845892490493e-01 -7.636700273812562223e-01 2.712674424084650315e+00 -5.972711346462986626e-01 -1.244395801374416877e+01
6.745884640960322920e-02 -1.088790640443504820e+00 -1.646993912803527360e+00 1.367606457580555279e+01 -2.229871745562957841e+01 -4.495952741228068206e+00
-1.723388681425647856e-02 -6.749258758118658053e-01 5.177915359232434511e-01 -2.516974025580357655e+00 -2.277250203408442530e+01 -5.486231205947047940e+00
-5.739658252588442089e-01 -1.373294805636303684e+00 -1.273787772786824757e+00 1.234302738899391017e+01 -1.386205391409534116e+01 5.723263843721415611e-02
3.252604762746119094e-01 4.299836369551731687e-03 -6.618953354639883768e-01 -1.507041580724797214e+01 5.113228739574014803e+00 -2.578850018800760324e+01
-5.016777744636814473e-01 9.734183912595625876e-02 1.130424325085996662e+00 1.380111584374909661e+00 8.598658108977897285e+00 1.696921915148456605e+01
-3.181302821118388025e-01 4.088978402996070183e-01 -1.740803962014786654e-01 -1.093155020699516200e+01 -1.506322422492096358e+01 -1.816703921303074676e+00
-3.171679682238267572e-01 2.444180026698680452e-01 -5.196730856437776769e-01 -2.316401532062617452e+00 1.525165056308578571e+00 4.652789680540952766e+00
-6.994869311381284316e-01 -3.027804890281286521e-01 -1.714103972999584169e+00 5.738746660373714725e+00 8.797392064807922907e+00 -3.713627469538486103e+00
6.343960179742536010e-01 1.572208173031921952e+00 -2.851135522958065383e-01 -6.594905275082054708e+00 1.497316694910368717e+01 -2.473574856550071477e-01
-4.580308225464035932e-01 -1.384669632460264532e+00 -6.074581209070926135e-01 -1.269534837242096426e-02 -3.289625985538120023e+00 8.353812849548912567e+00
5.003916731399507434e+00 -1.096016944265749249e+00 5.012299528722239828e+00 -1.914614552262593250e+01 1.478009585999132902e+01 -1.174670922842020104e+01
-1.136427462339355543e+00 2.079633354769165443e+00 8.921621981567604553e-01 -1.707971629493521704e+01 -4.526542467044123441e+00 -3.064987669406064708e+00
-3.718605283185599797e-01 2.999179250221768456e-01 8.069044544283543452e-02 1.443282403459183527e+01 -1.216050240587383868e+00 -1.389374547408094962e+01
-1.831461552191825937e-01 -7.791633038623386742e-01 1.256620494317000902e-01 6.346626876874593925e+00 7.353732285077731134e+00 5.162741577269921223e+00
-1.761522436791739255e+00 -6.316454734748009336e-01 -1.782485722080797919e+00 -6.289338404626263923e+00 1.210050742717668726e+01 2.729158493801643104e+00
